ordered_energy.asc
ncols 200
nrows 200
xllcorner -75.000000
yllcorner 40.000000
cellsize 0.000833
NODATA_value -9999.000000
[rows 78 to 103 of 200, columns 60 to 119 of 200]
29.871550 29.871550 29.871550 29.871550 29.871550 29.871550 29.871550 29.871550 29.871550 29.871550 29.871550 29.871550 29.871550 29.871550 29.871550 29.871550 29.871550 29.871550 29.871550 29.871550 29.871550 29.871550 29.871550 29.871550 29.871550 29.871550 29.871550 29.871550 29.871550 29.871550 29.871550 29.871550 29.871550 29.871550 29.871550 29.871550 29.871550 29.871550 29.871550 29.871550 29.871550 29.871550 29.871550 29.871550 29.871550 29.871550 29.871550 29.871550 29.871550 29.871550 29.871550 29.871550 29.871550 29.871550 29.871550 29.871550 29.871550 29.871550 29.871550 29.871550
29.872572 29.872572 29.872572 29.872572 29.872572 29.872572 29.872572 29.872572 29.872572 29.872572 29.872572 29.872572 29.872572 29.872572 29.872572 29.872572 29.872572 29.872572 29.872572 29.872572 29.872572 29.872572 29.872572 29.872572 29.872572 29.872572 29.872572 29.872572 29.872572 29.872572 29.872572 29.872572 29.872572 29.872572 29.872572 29.872572 29.872572 29.872572 29.872572 29.872572 29.872572 29.872572 29.872572 29.872572 29.872572 29.872572 29.872572 29.872572 29.872572 29.872572 29.872572 29.872572 29.872572 29.872572 29.872572 29.872572 29.872572 29.872572 29.872572 29.872572
29.873594 29.873594 29.873594 29.873594 29.873594 29.873594 29.873594 29.873594 29.873594 29.873594 29.873594 29.873594 29.873594 29.873594 29.873594 29.873594 29.873594 29.873594 29.873594 29.873594 29.873594 29.873594 29.873594 29.873594 29.873594 29.873594 29.873594 29.873594 29.873594 29.873594 29.873594 29.873594 29.873594 29.873594 29.873594 29.873594 29.873594 29.873594 29.873594 29.873594 29.873594 29.873594 29.873594 29.873594 29.873594 29.873594 29.873594 29.873594 29.873594 29.873594 29.873594 29.873594 29.873594 29.873594 29.873594 29.873594 29.873594 29.873594 29.873594 29.873594
29.874619 29.874619 29.874619 29.874619 29.874619 29.874619 29.874619 29.874619 29.874619 29.874619 29.874619 29.874619 29.874619 29.874619 29.874619 29.874619 29.874619 29.874619 29.874619 29.874619 29.874619 29.874619 29.874619 29.874619 29.874619 29.874619 29.874619 29.874619 29.874619 29.874619 29.874619 29.874619 29.874619 29.874619 29.874619 29.874619 29.874619 29.874619 29.874619 29.874619 29.874619 29.874619 29.874619 29.874619 29.874619 29.874619 29.874619 29.874619 29.874619 29.874619 29.874619 29.874619 29.874619 29.874619 29.874619 29.874619 29.874619 29.874619 29.874619 29.874619
29.875643 29.875643 29.875643 29.875643 29.875643 29.875643 29.875643 29.875643 29.875643 29.875643 29.875643 29.875643 29.875643 29.875643 29.875643 29.875643 29.875643 29.875643 29.875643 29.875643 29.875643 29.875643 29.875643 29.875643 29.875643 29.875643 29.875643 29.875643 29.875643 29.875643 29.875643 29.875643 29.875643 29.875643 29.875643 29.875643 29.875643 29.875643 29.875643 29.875643 29.875643 29.875643 29.875643 29.875643 29.875643 29.875643 29.875643 29.875643 29.875643 29.875643 29.875643 29.875643 29.875643 29.875643 29.875643 29.875643 29.875643 29.875643 29.875643 29.875643
29.876665 29.876665 29.876665 29.876665 29.876665 29.876665 29.876665 29.876665 29.876665 29.876665 29.876665 29.876665 29.876665 29.876665 29.876665 29.876665 29.876665 29.876665 29.876665 29.876665 29.876665 29.876665 29.876665 29.876665 29.876665 29.876665 29.876665 29.876665 29.876665 29.876665 29.876665 29.876665 29.876665 29.876665 29.876665 29.876665 29.876665 29.876665 29.876665 29.876665 29.876665 29.876665 29.876665 29.876665 29.876665 29.876665 29.876665 29.876665 29.876665 29.876665 29.876665 29.876665 29.876665 29.876665 29.876665 29.876665 29.876665 29.876665 29.876665 29.876665
29.877689 29.877689 29.877689 29.877689 29.877689 29.877689 29.877689 29.877689 29.877689 29.877689 29.877689 29.877689 29.877689 29.877689 29.877689 29.877689 29.877689 29.877689 29.877689 29.877689 29.877689 29.877689 29.877689 29.877689 29.877689 29.877689 29.877689 29.877689 29.877689 29.877689 29.877689 29.877689 29.877689 29.877689 29.877689 29.877689 29.877689 29.877689 29.877689 29.877689 29.877689 29.877689 29.877689 29.877689 29.877689 29.877689 29.877689 29.877689 29.877689 29.877689 29.877689 29.877689 29.877689 29.877689 29.877689 29.877689 29.877689 29.877689 29.877689 29.877689
29.878714 29.878714 29.878714 29.878714 29.878714 29.878714 29.878714 29.878714 29.878714 29.878714 29.878714 29.878714 29.878714 29.878714 29.878714 29.878714 29.878714 29.878714 29.878714 29.878714 29.878714 29.878714 29.878714 29.878714 29.878714 29.878714 29.878714 29.878714 29.878714 29.878714 29.878714 29.878714 29.878714 29.878714 29.878714 29.878714 29.878714 29.878714 29.878714 29.878714 29.878714 29.878714 29.878714 29.878714 29.878714 29.878714 29.878714 29.878714 29.878714 29.878714 29.878714 29.878714 29.878714 29.878714 29.878714 29.878714 29.878714 29.878714 29.878714 29.878714
29.879738 29.879738 29.879738 29.879738 29.879738 29.879738 29.879738 29.879738 29.879738 29.879738 29.879738 29.879738 29.879738 29.879738 29.879738 29.879738 29.879738 29.879738 29.879738 29.879738 29.879738 29.879738 29.879738 29.879738 29.879738 29.879738 29.879738 29.879738 29.879738 29.879738 29.879738 29.879738 29.879738 29.879738 29.879738 29.879738 29.879738 29.879738 29.879738 29.879738 29.879738 29.879738 29.879738 29.879738 29.879738 29.879738 29.879738 29.879738 29.879738 29.879738 29.879738 29.879738 29.879738 29.879738 29.879738 29.879738 29.879738 29.879738 29.879738 29.879738
29.880760 29.880760 29.880760 29.880760 29.880760 29.880760 29.880760 29.880760 29.880760 29.880760 29.880760 29.880760 29.880760 29.880760 29.880760 29.880760 29.880760 29.880760 29.880760 29.880760 29.880760 29.880760 29.880760 29.880760 29.880760 29.880760 29.880760 29.880760 29.880760 29.880760 29.880760 29.880760 29.880760 29.880760 29.880760 29.880760 29.880760 29.880760 29.880760 29.880760 29.880760 29.880760 29.880760 29.880760 29.880760 29.880760 29.880760 29.880760 29.880760 29.880760 29.880760 29.880760 29.880760 29.880760 29.880760 29.880760 29.880760 29.880760 29.880760 29.880760
29.881784 29.881784 29.881784 29.881784 29.881784 29.881784 29.881784 29.881784 29.881784 29.881784 29.881784 29.881784 29.881784 29.881784 29.881784 29.881784 29.881784 29.881784 29.881784 29.881784 29.881784 29.881784 29.881784 29.881784 29.881784 29.881784 29.881784 29.881784 29.881784 29.881784 29.881784 29.881784 29.881784 29.881784 29.881784 29.881784 29.881784 29.881784 29.881784 29.881784 29.881784 29.881784 29.881784 29.881784 29.881784 29.881784 29.881784 29.881784 29.881784 29.881784 29.881784 29.881784 29.881784 29.881784 29.881784 29.881784 29.881784 29.881784 29.881784 29.881784
29.882811 29.882811 29.882811 29.882811 29.882811 29.882811 29.882811 29.882811 29.882811 29.882811 29.882811 29.882811 29.882811 29.882811 29.882811 29.882811 29.882811 29.882811 29.882811 29.882811 29.882811 29.882811 29.882811 29.882811 29.882811 29.882811 29.882811 29.882811 29.882811 29.882811 29.882811 29.882811 29.882811 29.882811 29.882811 29.882811 29.882811 29.882811 29.882811 29.882811 29.882811 29.882811 29.882811 29.882811 29.882811 29.882811 29.882811 29.882811 29.882811 29.882811 29.882811 29.882811 29.882811 29.882811 29.882811 29.882811 29.882811 29.882811 29.882811 29.882811
29.883833 29.883833 29.883833 29.883833 29.883833 29.883833 29.883833 29.883833 29.883833 29.883833 29.883833 29.883833 29.883833 29.883833 29.883833 29.883833 29.883833 29.883833 29.883833 29.883833 29.883833 29.883833 29.883833 29.883833 29.883833 29.883833 29.883833 29.883833 29.883833 29.883833 29.883833 29.883833 29.883833 29.883833 29.883833 29.883833 29.883833 29.883833 29.883833 29.883833 29.883833 29.883833 29.883833 29.883833 29.883833 29.883833 29.883833 29.883833 29.883833 29.883833 29.883833 29.883833 29.883833 29.883833 29.883833 29.883833 29.883833 29.883833 29.883833 29.883833
29.884855 29.884855 29.884855 29.884855 29.884855 29.884855 29.884855 29.884855 29.884855 29.884855 29.884855 29.884855 29.884855 29.884855 29.884855 29.884855 29.884855 29.884855 29.884855 29.884855 29.884855 29.884855 29.884855 29.884855 29.884855 29.884855 29.884855 29.884855 29.884855 29.884855 29.884855 29.884855 29.884855 29.884855 29.884855 29.884855 29.884855 29.884855 29.884855 29.884855 29.884855 29.884855 29.884855 29.884855 29.884855 29.884855 29.884855 29.884855 29.884855 29.884855 29.884855 29.884855 29.884855 29.884855 29.884855 29.884855 29.884855 29.884855 29.884855 29.884855
29.885880 29.885880 29.885880 29.885880 29.885880 29.885880 29.885880 29.885880 29.885880 29.885880 29.885880 29.885880 29.885880 29.885880 29.885880 29.885880 29.885880 29.885880 29.885880 29.885880 29.885880 29.885880 29.885880 29.885880 29.885880 29.885880 29.885880 29.885880 29.885880 29.885880 29.885880 29.885880 29.885880 29.885880 29.885880 29.885880 29.885880 29.885880 29.885880 29.885880 29.885880 29.885880 29.885880 29.885880 29.885880 29.885880 29.885880 29.885880 29.885880 29.885880 29.885880 29.885880 29.885880 29.885880 29.885880 29.885880 29.885880 29.885880 29.885880 29.885880
29.886902 29.886902 29.886902 29.886902 29.886902 29.886902 29.886902 29.886902 29.886902 29.886902 29.886902 29.886902 29.886902 29.886902 29.886902 29.886902 29.886902 29.886902 29.886902 29.886902 29.886902 29.886902 29.886902 29.886902 29.886902 29.886902 29.886902 29.886902 29.886902 29.886902 29.886902 29.886902 29.886902 29.886902 29.886902 29.886902 25.895187 29.886902 29.886902 29.886902 29.886902 29.886902 29.886902 29.886902 29.886902 29.886902 29.886902 29.886902 29.886902 29.886902 29.886902 29.886902 29.886902 29.886902 29.886902 29.886902 29.886902 29.886902 29.886902 29.886902
29.887926 29.887926 29.887926 29.887926 29.887926 29.887926 29.887926 29.887926 29.887926 29.887926 29.887926 29.887926 29.887926 29.887926 29.887926 29.887926 29.887926 29.887926 29.887926 29.887926 29.887926 29.887926 29.887926 29.887926 29.887926 29.887926 29.887926 29.887926 29.887926 29.887926 29.887926 29.887926 29.887926 29.887926 29.887926 29.887926 25.896027 25.896027 29.887926 29.887926 21.850883 21.850883 29.887926 29.887926 29.887926 29.887926 29.887926 29.887926 29.887926 29.887926 29.887926 29.887926 29.887926 29.887926 29.887926 29.887926 29.887926 29.887926 29.887926 29.887926
29.888952 29.888952 29.888952 29.888952 29.888952 29.888952 29.888952 29.888952 29.888952 29.888952 29.888952 29.888952 29.888952 29.888952 29.888952 29.888952 29.888952 29.888952 29.888952 29.888952 29.888952 29.888952 29.888952 29.888952 29.888952 29.888952 29.888952 29.888952 29.888952 29.888952 29.888952 29.888952 29.888952 29.888952 29.888952 29.888952 29.888952 19.788437 23.780523 29.888952 21.851641 21.851641 29.888952 29.888952 29.888952 29.888952 29.888952 29.888952 29.888952 29.888952 29.888952 29.888952 29.888952 29.888952 29.888952 29.888952 29.888952 29.888952 29.888952 29.888952
29.889977 29.889977 29.889977 29.889977 29.889977 29.889977 29.889977 29.889977 29.889977 29.889977 29.889977 29.889977 29.889977 29.889977 29.889977 29.889977 29.889977 29.889977 29.889977 29.889977 29.889977 29.889977 29.889977 29.889977 29.889977 29.889977 29.889977 29.889977 29.889977 29.889977 29.889977 29.889977 29.889977 29.889977 29.889977 29.889977 25.897705 25.897705 29.889977 29.889977 21.852394 21.852394 29.889977 29.889977 29.889977 29.889977 29.889977 29.889977 29.889977 29.889977 29.889977 29.889977 29.889977 29.889977 29.889977 29.889977 29.889977 29.889977 29.889977 29.889977
29.890999 29.890999 29.890999 29.890999 29.890999 29.890999 29.890999 29.890999 29.890999 29.890999 29.890999 29.890999 29.890999 29.890999 29.890999 29.890999 29.890999 29.890999 29.890999 29.890999 29.890999 29.890999 29.890999 29.890999 29.890999 29.890999 29.890999 29.890999 29.890999 29.890999 29.890999 29.890999 29.890999 29.890999 29.890999 29.890999 29.890999 25.898544 19.789652 12.252464 14.315960 21.853148 29.890999 29.890999 29.890999 29.890999 29.890999 29.890999 29.890999 29.890999 29.890999 29.890999 29.890999 29.890999 29.890999 29.890999 29.890999 29.890999 29.890999 29.890999
29.892023 29.892023 29.892023 29.892023 29.892023 29.892023 29.892023 29.892023 29.892023 29.892023 29.892023 29.892023 29.892023 29.892023 29.892023 29.892023 29.892023 29.892023 29.892023 29.892023 29.892023 29.892023 29.892023 29.892023 29.892023 29.892023 29.892023 29.892023 29.892023 29.892023 29.892023 29.892023 29.892023 29.892023 29.892023 29.892023 29.892023 29.892023 23.782898 12.252811 10.323814 21.853901 29.892023 29.892023 29.892023 29.892023 29.892023 29.892023 29.892023 29.892023 29.892023 29.892023 29.892023 29.892023 29.892023 29.892023 29.892023 29.892023 29.892023 29.892023
29.893045 29.893045 29.893045 29.893045 29.893045 29.893045 29.893045 29.893045 29.893045 29.893045 29.893045 29.893045 29.893045 29.893045 29.893045 29.893045 29.893045 29.893045 29.893045 29.893045 29.893045 29.893045 29.893045 29.893045 29.893045 29.893045 29.893045 29.893045 29.893045 29.893045 29.893045 29.893045 29.893045 29.893045 29.893045 29.893045 29.893045 29.893045 25.900223 12.253159 4.214767 21.854654 29.893045 29.893045 29.893045 29.893045 29.893045 29.893045 29.893045 29.893045 29.893045 29.893045 29.893045 29.893045 29.893045 29.893045 29.893045 29.893045 29.893045 29.893045
29.894068 29.894068 29.894068 29.894068 29.894068 29.894068 29.894068 29.894068 29.894068 29.894068 29.894068 29.894068 29.894068 29.894068 29.894068 29.894068 29.894068 29.894068 29.894068 29.894068 29.894068 29.894068 29.894068 29.894068 29.894068 29.894068 29.894068 29.894068 29.894068 29.894068 29.894068 29.894068 29.894068 29.894068 29.894068 29.894068 29.894068 29.894068 29.894068 12.253505 30.503397 21.855408 29.894068 29.894068 29.894068 29.894068 29.894068 29.894068 29.894068 29.894068 29.894068 29.894068 29.894068 29.894068 29.894068 29.894068 29.894068 29.894068 29.894068 29.894068
29.895094 29.895094 29.895094 29.895094 29.895094 29.895094 29.895094 29.895094 29.895094 29.895094 29.895094 29.895094 29.895094 29.895094 29.895094 29.895094 29.895094 29.895094 29.895094 29.895094 29.895094 29.895094 29.895094 29.895094 29.895094 29.895094 29.895094 29.895094 29.895094 29.895094 29.895094 29.895094 29.895094 29.895094 29.895094 29.895094 29.895094 29.895094 29.895094 29.895094 29.895094 29.895094 29.895094 29.895094 29.895094 29.895094 29.895094 29.895094 29.895094 29.895094 29.895094 29.895094 29.895094 29.895094 29.895094 29.895094 29.895094 29.895094 29.895094 29.895094
29.896118 29.896118 29.896118 29.896118 29.896118 29.896118 29.896118 29.896118 29.896118 29.896118 29.896118 29.896118 29.896118 29.896118 29.896118 29.896118 29.896118 29.896118 29.896118 29.896118 29.896118 29.896118 29.896118 29.896118 29.896118 29.896118 29.896118 29.896118 29.896118 29.896118 29.896118 29.896118 29.896118 29.896118 29.896118 29.896118 29.896118 29.896118 29.896118 29.896118 29.896118 29.896118 29.896118 29.896118 29.896118 29.896118 29.896118 29.896118 29.896118 29.896118 29.896118 29.896118 29.896118 29.896118 29.896118 29.896118 29.896118 29.896118 29.896118 29.896118
29.897141 29.897141 29.897141 29.897141 29.897141 29.897141 29.897141 29.897141 29.897141 29.897141 29.897141 29.897141 29.897141 29.897141 29.897141 29.897141 29.897141 29.897141 29.897141 29.897141 29.897141 29.897141 29.897141 29.897141 29.897141 29.897141 29.897141 29.897141 29.897141 29.897141 29.897141 29.897141 29.897141 29.897141 29.897141 29.897141 29.897141 29.897141 29.897141 29.897141 29.897141 29.897141 29.897141 29.897141 29.897141 29.897141 29.897141 29.897141 29.897141 29.897141 29.897141 29.897141 29.897141 29.897141 29.897141 29.897141 29.897141 29.897141 29.897141 29.897141
